Position_Z=13.597254
Position_Y=-2299.579101
Position_X=1595.482177
ID=1

